NAME;PERIOD;TRADEDATE;TIME;OPEN;HIGH;LOW;CLOSE;YIELD;MICEXINDEXCF
RTSI,60,020315,10:00,901.62,906.27,892.23,901.13,0,0
RTSI,60,020315,11:00,901.17,906.87,901.06,906.87,0,0
RTSI,60,020315,12:00,906.93,907.21,903.41,905.36,0,0
RTSI,60,020315,13:00,905.38,906.13,903.79,903.96,0,0
RTSI,60,020315,14:00,903.97,905.35,896.37,896.99,0,0
RTSI,60,020315,15:00,896.97,900.43,896.5,898.61,0,0
RTSI,60,020315,16:00,898.62,902.28,897.93,899.24,0,0
RTSI,60,020315,17:00,899.24,904.2,898.43,902.36,0,0
RTSI,60,020315,18:00,902.41,906.31,901.47,903.56,0,0
RTSI,60,030315,10:00,899,902.58,894.09,896.08,0,0
RTSI,60,030315,11:00,896.13,909.46,895.11,909.11,0,0
RTSI,60,030315,12:00,909.19,925.6,909.19,925.33,0,0
RTSI,60,030315,13:00,925.37,925.73,918.46,918.66,0,0
RTSI,60,030315,14:00,918.79,921.07,917.53,919.93,0,0
RTSI,60,030315,15:00,919.93,923.17,915.36,915.72,0,0
RTSI,60,030315,16:00,915.73,917.18,914.51,915.56,0,0
RTSI,60,030315,17:00,915.65,918.88,912.66,914.43,0,0
RTSI,60,030315,18:00,914.42,918.22,912.88,917.05,0,0
RTSI,60,040315,10:00,918.24,924.86,915.81,923.29,0,0
RTSI,60,040315,11:00,923.31,923.33,914.26,914.28,0,0
RTSI,60,040315,12:00,914.3,915.51,911.99,915.31,0,0
RTSI,60,040315,13:00,915.23,915.23,907.79,908.18,0,0
RTSI,60,040315,14:00,908.18,916.28,907.66,912.13,0,0
RTSI,60,040315,15:00,912.19,915.02,911.44,914.02,0,0
RTSI,60,040315,16:00,914.02,914.64,909.82,909.87,0,0
RTSI,60,040315,17:00,909.89,910.03,894.97,895.02,0,0
RTSI,60,040315,18:00,894.81,896.03,888.27,889.68,0,0
RTSI,60,050315,10:00,896.38,900.96,893.37,893.57,0,0
RTSI,60,050315,11:00,893.58,895.97,889.83,895.17,0,0
RTSI,60,050315,12:00,895.22,904.98,894.38,902.85,0,0
RTSI,60,050315,13:00,902.7,905.97,901.95,904.02,0,0
RTSI,60,050315,14:00,903.97,917.72,903.61,917,0,0
RTSI,60,050315,15:00,917.15,918.07,910.1,912.29,0,0
RTSI,60,050315,16:00,912.29,919.21,911.76,915.76,0,0
RTSI,60,050315,17:00,915.75,920.44,915.33,917.84,0,0
RTSI,60,050315,18:00,917.85,918.26,910.45,912.38,0,0
RTSI,60,060315,10:00,913.12,928.06,913.12,927.52,0,0
RTSI,60,060315,11:00,927.52,933.65,924.07,931.15,0,0
RTSI,60,060315,12:00,931.18,932.47,920.1,920.85,0,0
RTSI,60,060315,13:00,920.85,924.6,917.56,918.74,0,0
RTSI,60,060315,14:00,918.75,924.37,918.23,922.92,0,0
RTSI,60,060315,15:00,922.96,925.49,920.35,925.49,0,0
RTSI,60,060315,16:00,925.48,925.7,915.62,917.21,0,0
RTSI,60,060315,17:00,917.1,918.71,905.32,906.36,0,0
RTSI,60,060315,18:00,906.22,908.4,903.45,903.45,0,0
RTSI,60,100315,10:00,896.13,896.73,884.24,886.64,0,0
RTSI,60,100315,11:00,886.64,891.83,883.8,885.49,0,0
RTSI,60,100315,12:00,885.48,890.1,880.04,880.09,0,0
RTSI,60,100315,13:00,880.02,880.02,872.86,873.63,0,0
RTSI,60,100315,14:00,873.52,874.29,865.75,865.77,0,0
RTSI,60,100315,15:00,865.7,866.51,862.48,864.2,0,0
RTSI,60,100315,16:00,864.18,864.2,851.64,852.88,0,0
RTSI,60,100315,17:00,852.87,854.22,848.35,851.97,0,0
RTSI,60,100315,18:00,851.84,854.53,845.36,845.36,0,0
RTSI,60,110315,10:00,842.6,849.53,835.75,841.81,0,0
RTSI,60,110315,11:00,841.69,844.52,835.7,841.45,0,0
RTSI,60,110315,12:00,841.5,847.03,841.42,843.86,0,0
RTSI,60,110315,13:00,843.86,848.6,843.13,847.93,0,0
RTSI,60,110315,14:00,847.98,850.59,845.12,847.21,0,0
RTSI,60,110315,15:00,847.21,859.26,845.98,857.44,0,0
RTSI,60,110315,16:00,857.44,857.94,845.27,846,0,0
RTSI,60,110315,17:00,845.99,850.04,840.77,843.22,0,0
RTSI,60,110315,18:00,843.23,848.33,841.36,847.98,0,0
RTSI,60,120315,10:00,857.67,867.11,856.62,856.94,0,0
RTSI,60,120315,11:00,856.95,869.75,856.55,863.8,0,0
RTSI,60,120315,12:00,863.79,867.33,863.51,867.12,0,0
RTSI,60,120315,13:00,867.11,867.43,860.4,862.13,0,0
RTSI,60,120315,14:00,862.14,864.87,860.92,863.15,0,0
RTSI,60,120315,15:00,863.13,871.1,862.91,867.23,0,0
RTSI,60,120315,16:00,867.23,868.13,862.56,862.73,0,0
RTSI,60,120315,17:00,862.75,862.79,855.9,860.24,0,0
RTSI,60,120315,18:00,860.24,860.54,856.4,859.26,0,0
RTSI,60,130315,10:00,856.8,857.59,850.55,856.2,0,0
RTSI,60,130315,11:00,856.17,858.65,852.54,854.09,0,0
RTSI,60,130315,12:00,854.08,855.35,844.72,844.74,0,0
RTSI,60,130315,13:00,844.74,849.2,840.9,848.43,0,0
RTSI,60,130315,14:00,848.44,850.41,845.02,845.02,0,0
RTSI,60,130315,15:00,845,850.44,842.02,847.6,0,0
RTSI,60,130315,16:00,847.66,848.95,843.37,844.44,0,0
RTSI,60,130315,17:00,844.44,844.44,833.08,833.26,0,0
RTSI,60,130315,18:00,833.08,836.23,830.99,833.57,0,0
RTSI,60,160315,10:00,823.76,830.86,819.71,827.32,0,0
RTSI,60,160315,11:00,827.32,828.38,820.15,821.64,0,0
RTSI,60,160315,12:00,821.68,826.63,819.29,825.24,0,0
RTSI,60,160315,13:00,825.24,825.47,818.27,819.85,0,0
RTSI,60,160315,14:00,819.85,820.41,815.41,816.02,0,0
RTSI,60,160315,15:00,816.04,828.14,814.62,826.42,0,0
RTSI,60,160315,16:00,826.4,826.4,819.52,821.61,0,0
RTSI,60,160315,17:00,821.59,824.07,811.95,812.01,0,0
RTSI,60,160315,18:00,811.97,815.48,811.41,812.88,0,0
RTSI,60,170315,10:00,820.17,827.81,820.17,826.53,0,0
RTSI,60,170315,11:00,826.71,831.48,823.01,826.71,0,0
RTSI,60,170315,12:00,826.67,830.07,825.57,826.57,0,0
RTSI,60,170315,13:00,826.62,826.7,821.47,825.12,0,0
RTSI,60,170315,14:00,825.13,826.89,816.66,818.97,0,0
RTSI,60,170315,15:00,818.99,821,816.94,818.1,0,0
RTSI,60,170315,16:00,818.19,821.56,817.21,821.08,0,0
RTSI,60,170315,17:00,821.08,825.3,821.05,821.07,0,0
RTSI,60,170315,18:00,821.07,824.68,819.32,822.76,0,0
RTSI,60,180315,10:00,826.54,832.86,826.54,829.93,0,0
RTSI,60,180315,11:00,829.28,833.9,828.37,832.95,0,0
RTSI,60,180315,12:00,832.97,843.83,831.42,843.62,0,0
RTSI,60,180315,13:00,843.35,845.96,840.58,841.26,0,0
RTSI,60,180315,14:00,841.24,843.35,838.36,841.31,0,0
RTSI,60,180315,15:00,841.3,841.82,837.56,839.39,0,0
RTSI,60,180315,16:00,839.34,839.8,835.38,839.64,0,0
RTSI,60,180315,17:00,839.59,840.69,835.08,835.7,0,0
RTSI,60,180315,18:00,835.69,841.05,834.63,841.05,0,0
RTSI,60,190315,10:00,872.9,874.12,862.66,862.83,0,0
RTSI,60,190315,11:00,862.85,863.74,857.67,863.46,0,0
RTSI,60,190315,12:00,863.45,866.66,862.73,864,0,0
RTSI,60,190315,13:00,863.96,864.46,858.93,858.95,0,0
RTSI,60,190315,14:00,858.96,859.47,856.58,858.82,0,0
RTSI,60,190315,15:00,858.84,859.13,850.46,852.78,0,0
RTSI,60,190315,16:00,852.78,853.76,847.93,849.68,0,0
RTSI,60,190315,17:00,849.67,849.67,843.4,846.87,0,0
RTSI,60,190315,18:00,846.85,852.38,845.18,847.99,0,0
RTSI,60,200315,10:00,843.36,847.35,839.48,844.61,0,0
RTSI,60,200315,11:00,844.66,852.64,844.11,849.96,0,0
RTSI,60,200315,12:00,849.93,850.38,844.18,844.7,0,0
RTSI,60,200315,13:00,844.7,848.71,842.53,844.74,0,0
RTSI,60,200315,14:00,844.82,849.67,839.26,848.71,0,0
RTSI,60,200315,15:00,848.74,850.46,844.82,849.35,0,0
RTSI,60,200315,16:00,849.36,858.36,848.06,858.09,0,0
RTSI,60,200315,17:00,858.15,864.15,857.93,861.38,0,0
RTSI,60,200315,18:00,861.4,868.32,858.25,862.14,0,0
RTSI,60,230315,10:00,868.56,871.87,862.12,863.48,0,0
RTSI,60,230315,11:00,863.59,864.58,854.79,857.77,0,0
RTSI,60,230315,12:00,857.74,863.31,855.09,855.11,0,0
RTSI,60,230315,13:00,855.1,862.47,853.92,862.3,0,0
RTSI,60,230315,14:00,862.32,867.39,858.91,863.6,0,0
RTSI,60,230315,15:00,863.6,865.63,862.5,864.22,0,0
RTSI,60,230315,16:00,864.22,866.83,861.48,865.59,0,0
RTSI,60,230315,17:00,865.57,867.3,858.36,858.36,0,0
RTSI,60,230315,18:00,858.4,859.34,855.57,859.14,0,0
RTSI,60,240315,10:00,860.04,860.25,851.88,854.81,0,0
RTSI,60,240315,11:00,854.81,864.95,852.85,864.28,0,0
RTSI,60,240315,12:00,864.28,876.81,864.24,875.66,0,0
RTSI,60,240315,13:00,875.67,878.47,873.28,876.24,0,0
RTSI,60,240315,14:00,876.25,882.17,875.69,876.31,0,0
RTSI,60,240315,15:00,876.27,880.54,875.23,878.81,0,0
RTSI,60,240315,16:00,878.81,878.92,873.95,874.98,0,0
RTSI,60,240315,17:00,875.04,882.5,874.91,882.37,0,0
RTSI,60,240315,18:00,882.16,882.98,876.82,880.28,0,0
RTSI,60,250315,10:00,883.11,892.45,879.42,891.67,0,0
RTSI,60,250315,11:00,891.65,897.01,890.95,894.9,0,0
RTSI,60,250315,12:00,894.89,895.07,891.38,892.3,0,0
RTSI,60,250315,13:00,892.3,893.16,890.43,891.55,0,0
RTSI,60,250315,14:00,891.53,891.59,883.82,889.05,0,0
RTSI,60,250315,15:00,889.03,889.17,884,886.74,0,0
RTSI,60,250315,16:00,886.69,894.87,885.65,894.17,0,0
RTSI,60,250315,17:00,894.2,895.64,882.86,885.54,0,0
RTSI,60,250315,18:00,885.5,885.96,877.37,882.07,0,0
RTSI,60,260315,10:00,890.27,911.35,890.27,909.39,0,0
RTSI,60,260315,11:00,909.39,909.85,898.46,900.15,0,0
RTSI,60,260315,12:00,900.2,902.42,892.76,897.18,0,0
RTSI,60,260315,13:00,897.25,898.35,891.8,892.41,0,0
RTSI,60,260315,14:00,892.41,896.12,887.49,893.03,0,0
RTSI,60,260315,15:00,893.01,893.01,878.93,880.04,0,0
RTSI,60,260315,16:00,880.04,882.29,872.15,872.35,0,0
RTSI,60,260315,17:00,872.37,873.14,867.57,872.13,0,0
RTSI,60,260315,18:00,872,872.11,867.39,868.62,0,0
RTSI,60,270315,10:00,870.28,871.49,859.99,864.83,0,0
RTSI,60,270315,11:00,864.85,869.64,862.91,868.9,0,0
RTSI,60,270315,12:00,869.03,871.81,862.63,862.82,0,0
RTSI,60,270315,13:00,862.71,865.25,860.67,861.59,0,0
RTSI,60,270315,14:00,861.61,868.44,861.55,868.17,0,0
RTSI,60,270315,15:00,868.18,869.78,864.75,869.06,0,0
RTSI,60,270315,16:00,869.02,870.82,861.96,861.96,0,0
RTSI,60,270315,17:00,861.7,863.84,860.32,862.79,0,0
RTSI,60,270315,18:00,862.74,863.46,856.44,856.44,0,0
RTSI,60,300315,10:00,855.61,859.78,851.17,859.78,0,0
RTSI,60,300315,11:00,859.76,867.58,858.52,867.45,0,0
RTSI,60,300315,12:00,867.41,872.81,867.41,869.75,0,0
RTSI,60,300315,13:00,869.77,870.65,867.84,868.27,0,0
RTSI,60,300315,14:00,868.29,871.2,867.62,868.16,0,0
RTSI,60,300315,15:00,868.15,874.34,868.15,870.23,0,0
RTSI,60,300315,16:00,870.27,878.97,868.47,877.92,0,0
RTSI,60,300315,17:00,877.9,879.08,875.63,877.61,0,0
RTSI,60,300315,18:00,877.61,880.5,876.85,878.94,0,0
RTSI,60,310315,10:00,881.12,888.44,876.34,887.7,0,0
RTSI,60,310315,11:00,888.03,888.09,878.32,878.86,0,0
RTSI,60,310315,12:00,878.87,882.81,876,878.42,0,0
RTSI,60,310315,13:00,878.4,878.4,871.86,873.55,0,0
RTSI,60,310315,14:00,873.49,876.71,871.33,875.2,0,0
RTSI,60,310315,15:00,875.19,878.46,873.8,877.87,0,0
RTSI,60,310315,16:00,877.88,880.29,874.34,874.73,0,0
RTSI,60,310315,17:00,874.73,879.69,874.32,878.39,0,0
RTSI,60,310315,18:00,878.42,880.42,876.51,880.42,0,0
RTSI,60,010415,10:00,876.29,881.56,872.03,877.85,0,0
RTSI,60,010415,11:00,877.99,882.81,875.18,882.58,0,0
RTSI,60,010415,12:00,882.58,892.96,880.57,892.84,0,0
RTSI,60,010415,13:00,892.82,897.24,890.24,896.85,0,0
RTSI,60,010415,14:00,896.85,903.65,896.15,898.45,0,0
RTSI,60,010415,15:00,898.44,901.29,896.18,898.77,0,0
RTSI,60,010415,16:00,898.86,902.37,895.31,895.71,0,0
RTSI,60,010415,17:00,895.74,902.93,894.78,902.2,0,0
RTSI,60,010415,18:00,902.16,910.41,900.53,910.41,0,0
RTSI,60,020415,10:00,908.38,919.96,908.16,918.45,0,0
RTSI,60,020415,11:00,918.19,926.41,916.64,924.24,0,0
RTSI,60,020415,12:00,924.12,925.57,920.31,924.41,0,0
RTSI,60,020415,13:00,924.41,926.6,919.15,921.05,0,0
RTSI,60,020415,14:00,921.11,921.74,916.94,920.68,0,0
RTSI,60,020415,15:00,920.67,930.15,920.67,927.8,0,0
RTSI,60,020415,16:00,927.81,931.56,926.11,931.33,0,0
RTSI,60,020415,17:00,931.33,934.64,930.81,933.87,0,0
RTSI,60,020415,18:00,933.86,935.28,929.83,933.58,0,0
RTSI,60,030415,10:00,935.49,943.39,930.67,931.43,0,0
RTSI,60,030415,11:00,931.43,933.94,931.28,931.86,0,0
RTSI,60,030415,12:00,931.86,932.04,927.2,928.26,0,0
RTSI,60,030415,13:00,928.32,928.54,925.79,926.89,0,0
RTSI,60,030415,14:00,926.88,934.88,926.27,932.77,0,0
RTSI,60,030415,15:00,932.85,941.82,930.5,941.48,0,0
RTSI,60,030415,16:00,941.48,941.75,933,935.37,0,0
RTSI,60,030415,17:00,935.29,937.11,929.71,930.03,0,0
RTSI,60,030415,18:00,930.02,932.03,929.71,930.12,0,0
RTSI,60,060415,10:00,934.3,949.24,934.3,946.15,0,0
RTSI,60,060415,11:00,946.16,946.49,939.85,943.75,0,0
RTSI,60,060415,12:00,943.8,947.46,940.1,940.1,0,0
RTSI,60,060415,13:00,940.02,940.77,938.06,938.78,0,0
RTSI,60,060415,14:00,938.78,951.09,938.75,949.15,0,0
RTSI,60,060415,15:00,949.15,952.82,947.27,952.16,0,0
RTSI,60,060415,16:00,952.19,959.71,951.44,958.4,0,0
RTSI,60,060415,17:00,958.41,964.01,958.39,963.74,0,0
RTSI,60,060415,18:00,963.79,971.08,963.38,971.08,0,0
RTSI,60,070415,10:00,967.5,973.89,962.54,966.21,0,0
RTSI,60,070415,11:00,966.25,966.25,955.06,959.43,0,0
RTSI,60,070415,12:00,959.46,964.94,958.05,964.8,0,0
RTSI,60,070415,13:00,964.81,968.6,963.75,964.16,0,0
RTSI,60,070415,14:00,964.15,969.14,963.75,967.16,0,0
RTSI,60,070415,15:00,967.1,971.29,966.6,967.78,0,0
RTSI,60,070415,16:00,967.76,975.32,962.83,963.1,0,0
RTSI,60,070415,17:00,963.05,971.63,961.04,971.38,0,0
RTSI,60,070415,18:00,971.41,974.04,968.04,971.24,0,0
RTSI,60,080415,10:00,969.44,982.08,968.1,981.28,0,0
RTSI,60,080415,11:00,981.28,991.06,980.62,984.52,0,0
RTSI,60,080415,12:00,984.53,985.97,978.91,979.91,0,0
RTSI,60,080415,13:00,979.93,982.67,974.83,982.5,0,0
RTSI,60,080415,14:00,982.57,984.45,980.53,982.11,0,0
RTSI,60,080415,15:00,982.19,982.85,979.94,982.52,0,0
RTSI,60,080415,16:00,982.54,986.39,980.68,984.52,0,0
RTSI,60,080415,17:00,984.51,986.05,976.67,978.22,0,0
RTSI,60,080415,18:00,978.22,988.3,977.78,988.3,0,0
RTSI,60,090415,10:00,987.16,1003.65,985.73,994.43,0,0
RTSI,60,090415,11:00,994.43,994.64,988.39,988.56,0,0
RTSI,60,090415,12:00,988.5,996.67,986.79,996.29,0,0
RTSI,60,090415,13:00,996.35,1000.49,993.47,999.94,0,0
RTSI,60,090415,14:00,999.99,1005.11,999.99,1005.09,0,0
RTSI,60,090415,15:00,1005.09,1008.4,1001.51,1002.26,0,0
RTSI,60,090415,16:00,1002.24,1006.28,999.9,1001.45,0,0
RTSI,60,090415,17:00,1001.55,1002.28,991.85,997.3,0,0
RTSI,60,090415,18:00,997.3,1004.57,996.33,1003.42,0,0
RTSI,60,100415,10:00,1011.69,1034.36,1011.69,1028.91,0,0
RTSI,60,100415,11:00,1028.84,1031.79,1018.38,1022.2,0,0
RTSI,60,100415,12:00,1022.23,1023.51,1017.57,1021.96,0,0
RTSI,60,100415,13:00,1021.83,1026.46,1015.37,1015.81,0,0
RTSI,60,100415,14:00,1015.8,1017.87,1003.86,1012.9,0,0
RTSI,60,100415,15:00,1012.9,1012.95,995.36,995.89,0,0
RTSI,60,100415,16:00,995.46,1005.76,988.01,1000.91,0,0
RTSI,60,100415,17:00,1000.52,1001.81,995.2,1000.04,0,0
RTSI,60,100415,18:00,1000.03,1002.97,997.54,999.38,0,0
RTSI,60,130415,10:00,981.01,1009.41,981.01,1001.93,0,0
RTSI,60,130415,11:00,1001.83,1009.67,1001.01,1009.67,0,0
RTSI,60,130415,12:00,1009.4,1013.41,1006.56,1009.17,0,0
RTSI,60,130415,13:00,1009.17,1014.43,1008.33,1012.96,0,0
RTSI,60,130415,14:00,1012.99,1017.54,1011.2,1016.89,0,0
RTSI,60,130415,15:00,1016.89,1018.52,1006.2,1008.02,0,0
RTSI,60,130415,16:00,1008.04,1012.61,1000.81,1005.81,0,0
RTSI,60,130415,17:00,1005.81,1006.27,1002.57,1004.68,0,0
RTSI,60,130415,18:00,1004.69,1007.45,997.63,1004.62,0,0
RTSI,60,140415,10:00,1013.22,1017.64,999.94,1000.52,0,0
RTSI,60,140415,11:00,1000.6,1006.5,996.55,1006,0,0
RTSI,60,140415,12:00,1006,1012.18,1003.39,1007.95,0,0
RTSI,60,140415,13:00,1007.97,1011.42,1006.17,1010.6,0,0
RTSI,60,140415,14:00,1010.55,1013.89,1005.42,1006.93,0,0
RTSI,60,140415,15:00,1006.91,1010.48,1004.26,1008.85,0,0
RTSI,60,140415,16:00,1008.99,1012.26,1004.89,1005.21,0,0
RTSI,60,140415,17:00,1005.06,1010.53,1001.8,1008.96,0,0
RTSI,60,140415,18:00,1009,1015.51,1008.06,1015.51,0,0
RTSI,60,150415,10:00,1017.61,1030.12,1017.61,1029.29,0,0
RTSI,60,150415,11:00,1029.23,1029.39,1025.19,1028.03,0,0
RTSI,60,150415,12:00,1028.25,1034.85,1027.99,1034.61,0,0
RTSI,60,150415,13:00,1034.72,1038.01,1034.24,1035.87,0,0
RTSI,60,150415,14:00,1035.82,1036.2,1032.87,1033.13,0,0
RTSI,60,150415,15:00,1033.06,1037.37,1032.2,1036.45,0,0
RTSI,60,150415,16:00,1036.46,1040.31,1035.71,1038.68,0,0
RTSI,60,150415,17:00,1038.68,1042.86,1036.64,1041.76,0,0
RTSI,60,150415,18:00,1042.14,1053.31,1041.37,1052.33,0,0
RTSI,60,160415,10:00,1060.6,1066.68,1054.38,1058.11,0,0
RTSI,60,160415,11:00,1058.14,1066.65,1057.05,1063.89,0,0
RTSI,60,160415,12:00,1064,1065.72,1054.7,1057.86,0,0
RTSI,60,160415,13:00,1057.83,1057.83,1043.05,1047.56,0,0
RTSI,60,160415,14:00,1047.52,1053.9,1046.58,1053.36,0,0
RTSI,60,160415,15:00,1053.38,1063.75,1053.38,1057.91,0,0
RTSI,60,160415,16:00,1058.41,1059,1054.62,1057.02,0,0
RTSI,60,160415,17:00,1057.04,1058.82,1054.62,1057.43,0,0
RTSI,60,160415,18:00,1057.46,1062.23,1054.22,1061.6,0,0
RTSI,60,170415,10:00,1065.37,1067.85,1053.42,1057.78,0,0
RTSI,60,170415,11:00,1057.78,1057.78,1038.19,1045.81,0,0
RTSI,60,170415,12:00,1045.82,1046.38,1038.3,1040.37,0,0
RTSI,60,170415,13:00,1040.36,1044.82,1037.32,1038.26,0,0
RTSI,60,170415,14:00,1038.25,1040.39,1034.72,1040.39,0,0
RTSI,60,170415,15:00,1040.41,1042.32,1032.28,1032.28,0,0
RTSI,60,170415,16:00,1032.25,1032.32,1018.7,1022.72,0,0
RTSI,60,170415,17:00,1022.65,1022.65,1005.68,1005.68,0,0
RTSI,60,170415,18:00,1005.67,1009.92,998.96,998.96,0,0
RTSI,60,200415,10:00,1007.4,1023.56,1007.4,1020.12,0,0
RTSI,60,200415,11:00,1020.1,1025.1,1016.56,1018.74,0,0
RTSI,60,200415,12:00,1018.7,1019.23,1011.72,1015.37,0,0
RTSI,60,200415,13:00,1015.44,1023.34,1014.9,1015.4,0,0
RTSI,60,200415,14:00,1015.39,1018.57,994.18,996.18,0,0
RTSI,60,200415,15:00,996.14,997.31,982.57,989.94,0,0
RTSI,60,200415,16:00,989.9,1004.65,989.9,998.74,0,0
RTSI,60,200415,17:00,998.8,1005.95,998.33,1004.87,0,0
RTSI,60,200415,18:00,1004.98,1005.04,995.7,995.7,0,0
RTSI,60,210415,10:00,995.24,998.36,989.75,995.63,0,0
RTSI,60,210415,11:00,995.69,996.19,986.98,991.24,0,0
RTSI,60,210415,12:00,991.21,1004.02,990.88,997.96,0,0
RTSI,60,210415,13:00,998.02,1006.16,998.01,1001.74,0,0
RTSI,60,210415,14:00,1001.74,1002.04,995.05,999,0,0
RTSI,60,210415,15:00,998.94,1000.16,996.84,999.55,0,0
RTSI,60,210415,16:00,999.52,1000.02,993.43,998.21,0,0
RTSI,60,210415,17:00,998.18,1006.45,997.13,1004.18,0,0
RTSI,60,210415,18:00,1004.23,1007.69,1002.71,1007.69,0,0
RTSI,60,220415,10:00,1002.01,1007.32,1000.31,1005.54,0,0
RTSI,60,220415,11:00,1005.5,1006.35,999.47,1003.5,0,0
RTSI,60,220415,12:00,1003.54,1004.52,996.09,996.37,0,0
RTSI,60,220415,13:00,996.35,999.99,994.42,998.64,0,0
RTSI,60,220415,14:00,998.68,1003.25,997.05,1000.59,0,0
RTSI,60,220415,15:00,1000.6,1004.66,1000.35,1003.82,0,0
RTSI,60,220415,16:00,1003.89,1006.96,998.8,1000.06,0,0
RTSI,60,220415,17:00,1000.04,1001.26,992.5,999.02,0,0
RTSI,60,220415,18:00,999.03,1004.94,998.91,1004,0,0
RTSI,60,230415,10:00,1009.19,1018.96,1008.32,1018.34,0,0
RTSI,60,230415,11:00,1018.29,1019.92,1003.82,1005.06,0,0
RTSI,60,230415,12:00,1004.94,1008.54,1001.61,1008,0,0
RTSI,60,230415,13:00,1007.96,1008.14,997.69,998.06,0,0
RTSI,60,230415,14:00,998.04,1009.05,995.55,1008.9,0,0
RTSI,60,230415,15:00,1008.95,1014.56,1008.87,1012.86,0,0
RTSI,60,230415,16:00,1012.87,1023.58,1012.87,1022.93,0,0
RTSI,60,230415,17:00,1022.93,1030.36,1022.93,1030.03,0,0
RTSI,60,230415,18:00,1030.02,1033.33,1025.69,1028.47,0,0
RTSI,60,240415,10:00,1030.09,1044.54,1030.09,1042.17,0,0
RTSI,60,240415,11:00,1042.18,1054.21,1039.64,1048.82,0,0
RTSI,60,240415,12:00,1048.83,1048.98,1043.68,1044.49,0,0
RTSI,60,240415,13:00,1044.46,1045.33,1034.69,1040.27,0,0
RTSI,60,240415,14:00,1040.28,1042.12,1032.11,1032.21,0,0
RTSI,60,240415,15:00,1032.27,1042.41,1029.63,1039.86,0,0
RTSI,60,240415,16:00,1039.84,1040.22,1028.1,1028.36,0,0
RTSI,60,240415,17:00,1028.36,1035.85,1025.07,1033.34,0,0
RTSI,60,240415,18:00,1033.2,1037.52,1031.47,1037.52,0,0
RTSI,60,270415,10:00,1040.28,1046.99,1026.8,1028.19,0,0
RTSI,60,270415,11:00,1028.02,1040.32,1027.14,1037.38,0,0
RTSI,60,270415,12:00,1037.36,1040.76,1035.8,1036.53,0,0
RTSI,60,270415,13:00,1036.53,1036.85,1030.87,1036.27,0,0
RTSI,60,270415,14:00,1036.25,1038.53,1032.5,1037.51,0,0
RTSI,60,270415,15:00,1037.52,1038.67,1031.84,1033.48,0,0
RTSI,60,270415,16:00,1033.49,1038.3,1033.44,1036.26,0,0
RTSI,60,270415,17:00,1036.19,1038.46,1023.04,1025.24,0,0
RTSI,60,270415,18:00,1025.24,1027.16,1020.03,1022.78,0,0
RTSI,60,280415,10:00,1015.37,1015.37,1007.05,1011.29,0,0
RTSI,60,280415,11:00,1011.32,1011.32,1004.13,1009.84,0,0
RTSI,60,280415,12:00,1009.83,1014.93,1009.33,1014.41,0,0
RTSI,60,280415,13:00,1014.4,1016.37,1010.89,1016.04,0,0
RTSI,60,280415,14:00,1016.04,1017.09,1010.98,1013.53,0,0
RTSI,60,280415,15:00,1013.54,1016.78,1009.37,1009.96,0,0
RTSI,60,280415,16:00,1009.98,1017.2,1009.95,1014.75,0,0
RTSI,60,280415,17:00,1014.75,1023.32,1014.02,1023.32,0,0
RTSI,60,280415,18:00,1023.29,1030.83,1022.19,1029.71,0,0
RTSI,60,290415,10:00,1027.37,1030.81,1019.29,1030.81,0,0
RTSI,60,290415,11:00,1030.83,1032.9,1026.99,1028.89,0,0
RTSI,60,290415,12:00,1028.88,1031.66,1027.86,1030.65,0,0
RTSI,60,290415,13:00,1030.62,1032.53,1029.68,1031.71,0,0
RTSI,60,290415,14:00,1031.7,1034.29,1029.46,1032.1,0,0
RTSI,60,290415,15:00,1032.08,1033.16,1025.46,1025.8,0,0
RTSI,60,290415,16:00,1025.86,1028.48,1023.57,1025.69,0,0
RTSI,60,290415,17:00,1025.72,1033.34,1021.31,1032.52,0,0
RTSI,60,290415,18:00,1032.54,1038.73,1031.78,1031.78,0,0
RTSI,60,300415,10:00,1031.98,1034.78,1026.53,1034.15,0,0
RTSI,60,300415,11:00,1034.13,1036.42,1029.7,1030.01,0,0
RTSI,60,300415,12:00,1030,1033.38,1021.94,1022.73,0,0
RTSI,60,300415,13:00,1022.73,1033.52,1016.88,1032.6,0,0
RTSI,60,300415,14:00,1032.6,1032.6,1026.38,1030.08,0,0
RTSI,60,300415,15:00,1030.29,1034.14,1029.05,1031.01,0,0
RTSI,60,300415,16:00,1031.02,1032.42,1020.82,1025.3,0,0
RTSI,60,300415,17:00,1025.31,1029.61,1024.24,1027.5,0,0
RTSI,60,300415,18:00,1027.47,1032.12,1027.27,1029.31,0,0
RTSI,60,050515,10:00,1033.07,1044.79,1023.57,1043.96,0,0
RTSI,60,050515,11:00,1043.94,1051.14,1041.04,1050.75,0,0
RTSI,60,050515,12:00,1050.78,1053.05,1049.24,1049.99,0,0
RTSI,60,050515,13:00,1050.03,1054.16,1049.74,1052.81,0,0
RTSI,60,050515,14:00,1052.8,1058.35,1050.69,1057.66,0,0
RTSI,60,050515,15:00,1057.72,1064.44,1055.04,1063.46,0,0
RTSI,60,050515,16:00,1063.44,1073.6,1063.27,1069.53,0,0
RTSI,60,050515,17:00,1069.5,1070.25,1064.34,1069.59,0,0
RTSI,60,050515,18:00,1069.58,1072.93,1068.43,1072.93,0,0
RTSI,60,060515,10:00,1074.19,1085.7,1071.44,1078.64,0,0
RTSI,60,060515,11:00,1078.68,1079.83,1073.21,1078.87,0,0
RTSI,60,060515,12:00,1078.88,1078.88,1070.59,1073.09,0,0
RTSI,60,060515,13:00,1073.08,1078.71,1070.56,1078.57,0,0
RTSI,60,060515,14:00,1078.55,1080.99,1077.64,1079.45,0,0
RTSI,60,060515,15:00,1079.44,1087.47,1076.86,1084.22,0,0
RTSI,60,060515,16:00,1084.17,1086.56,1082.53,1083.92,0,0
RTSI,60,060515,17:00,1083.86,1086.62,1068.58,1068.58,0,0
RTSI,60,060515,18:00,1068.48,1069.91,1063.53,1066.19,0,0
RTSI,60,070515,10:00,1056.93,1064.7,1053.94,1059.32,0,0
RTSI,60,070515,11:00,1059.35,1059.35,1047.25,1047.44,0,0
RTSI,60,070515,12:00,1047.44,1052.06,1045.58,1050.27,0,0
RTSI,60,070515,13:00,1050.27,1052.35,1046.22,1051.25,0,0
RTSI,60,070515,14:00,1051.25,1058.47,1051.16,1054.76,0,0
RTSI,60,070515,15:00,1054.7,1059.98,1051.92,1058.74,0,0
RTSI,60,070515,16:00,1058.8,1059.21,1047.48,1047.54,0,0
RTSI,60,070515,17:00,1047.56,1054.03,1046.36,1054.02,0,0
RTSI,60,070515,18:00,1054,1067.21,1053.34,1060.73,0,0
RTSI,60,080515,10:00,1056.93,1056.93,1045.63,1051.24,0,0
RTSI,60,080515,11:00,1051.29,1055.64,1049.09,1049.34,0,0
RTSI,60,080515,12:00,1049.34,1050.98,1045.5,1046.92,0,0
RTSI,60,080515,13:00,1046.92,1048.29,1041.58,1047.64,0,0
RTSI,60,080515,14:00,1047.65,1053.83,1047.11,1051.43,0,0
RTSI,60,080515,15:00,1051.46,1055.25,1047.6,1051.81,0,0
RTSI,60,080515,16:00,1051.87,1056.87,1049.95,1056.76,0,0
RTSI,60,080515,17:00,1056.72,1057.69,1049.55,1053.83,0,0
RTSI,60,080515,18:00,1053.83,1059.73,1053.83,1059.52,0,0
RTSI,60,120515,10:00,1056.78,1064.53,1052.69,1061.09,0,0
RTSI,60,120515,11:00,1061.06,1067.03,1055.99,1065.77,0,0
RTSI,60,120515,12:00,1065.79,1069.47,1061.33,1063.55,0,0
RTSI,60,120515,13:00,1063.54,1066.92,1062.38,1064.25,0,0
RTSI,60,120515,14:00,1064.24,1065.76,1059.79,1059.79,0,0
RTSI,60,120515,15:00,1059.32,1059.55,1053.69,1053.88,0,0
RTSI,60,120515,16:00,1053.81,1055.52,1049.77,1054.29,0,0
RTSI,60,120515,17:00,1054.26,1065.46,1053.38,1065.46,0,0
RTSI,60,120515,18:00,1065.45,1070.19,1064.59,1070.19,0,0
RTSI,60,130515,10:00,1072.6,1083.71,1072.6,1078.66,0,0
RTSI,60,130515,11:00,1078.68,1079.29,1073.21,1078.79,0,0
RTSI,60,130515,12:00,1078.72,1081,1077.39,1078.42,0,0
RTSI,60,130515,13:00,1078.45,1080.73,1076.07,1076.18,0,0
RTSI,60,130515,14:00,1076.15,1078.81,1074.57,1077.98,0,0
RTSI,60,130515,15:00,1077.95,1091.39,1076.84,1090.84,0,0
RTSI,60,130515,16:00,1090.85,1092.52,1085.96,1087.49,0,0
RTSI,60,130515,17:00,1087.45,1088.49,1077.89,1078.4,0,0
RTSI,60,130515,18:00,1078.4,1084.63,1077.46,1082.21,0,0
RTSI,60,140515,10:00,1077.56,1077.56,1053.09,1058.06,0,0
RTSI,60,140515,11:00,1058.02,1058.77,1052.09,1058.1,0,0
RTSI,60,140515,12:00,1058.4,1062.34,1057.95,1058.68,0,0
RTSI,60,140515,13:00,1058.65,1061.52,1056.51,1057.67,0,0
RTSI,60,140515,14:00,1057.66,1061.22,1056.34,1057.42,0,0
RTSI,60,140515,15:00,1057.43,1062.43,1057.43,1061.83,0,0
RTSI,60,140515,16:00,1061.76,1066.08,1060.01,1065.95,0,0
RTSI,60,140515,17:00,1066.11,1066.52,1059.28,1059.42,0,0
RTSI,60,140515,18:00,1059.42,1060.69,1054.9,1054.9,0,0
RTSI,60,150515,10:00,1057.24,1065.89,1057.24,1062.17,0,0
RTSI,60,150515,11:00,1062.17,1064.87,1061.32,1063.76,0,0
RTSI,60,150515,12:00,1063.73,1065.31,1061.36,1064.68,0,0
RTSI,60,150515,13:00,1064.68,1065.63,1062.64,1063.12,0,0
RTSI,60,150515,14:00,1063.08,1064.39,1061.18,1064.17,0,0
RTSI,60,150515,15:00,1064.17,1064.17,1059.43,1060.54,0,0
RTSI,60,150515,16:00,1060.54,1060.56,1056.18,1058.57,0,0
RTSI,60,150515,17:00,1058.57,1075.16,1056.75,1075.02,0,0
RTSI,60,150515,18:00,1075.02,1075.42,1070.6,1074.73,0,0
RTSI,60,180515,10:00,1076.12,1086.67,1076.04,1080.64,0,0
RTSI,60,180515,11:00,1080.64,1084.22,1076.63,1084.22,0,0
RTSI,60,180515,12:00,1084.23,1084.95,1081.71,1082.62,0,0
RTSI,60,180515,13:00,1082.61,1083.83,1078.69,1083.66,0,0
RTSI,60,180515,14:00,1083.71,1089.51,1083.3,1087.03,0,0
RTSI,60,180515,15:00,1087.03,1087.47,1083.43,1084.61,0,0
RTSI,60,180515,16:00,1084.66,1084.69,1079.21,1080.11,0,0
RTSI,60,180515,17:00,1079.88,1082.88,1079.59,1082.65,0,0
RTSI,60,180515,18:00,1082.65,1083.96,1074.41,1075.47,0,0
RTSI,60,190515,10:00,1076.33,1080.27,1069.11,1073.06,0,0
RTSI,60,190515,11:00,1072.98,1072.98,1064.36,1064.39,0,0
RTSI,60,190515,12:00,1064.33,1064.33,1057.87,1060.78,0,0
RTSI,60,190515,13:00,1060.82,1062.24,1054.06,1059.6,0,0
RTSI,60,190515,14:00,1059.42,1059.67,1056.95,1057.69,0,0
RTSI,60,190515,15:00,1057.68,1058.58,1045.99,1047.46,0,0
RTSI,60,190515,16:00,1047.51,1052.2,1046.16,1051.74,0,0
RTSI,60,190515,17:00,1051.74,1054,1049.02,1053.76,0,0
RTSI,60,190515,18:00,1053.68,1057.6,1052.67,1057.6,0,0
RTSI,60,200515,10:00,1056.41,1056.8,1035.74,1037.5,0,0
RTSI,60,200515,11:00,1037.53,1038.29,1027.29,1027.72,0,0
RTSI,60,200515,12:00,1027.73,1034.91,1027.17,1031.99,0,0
RTSI,60,200515,13:00,1031.98,1034.42,1030.19,1033.39,0,0
RTSI,60,200515,14:00,1033.39,1034.54,1030.28,1032.66,0,0
RTSI,60,200515,15:00,1032.69,1033.54,1029.49,1031.56,0,0
RTSI,60,200515,16:00,1031.64,1036.61,1028.19,1036.45,0,0
RTSI,60,200515,17:00,1036.52,1037.84,1030.46,1034.96,0,0
RTSI,60,200515,18:00,1034.96,1036.84,1031.61,1031.97,0,0
RTSI,60,210515,10:00,1035.14,1040.56,1030.69,1038.64,0,0
RTSI,60,210515,11:00,1038.63,1041.59,1037.46,1040.08,0,0
RTSI,60,210515,12:00,1040.03,1042.73,1037.36,1042.55,0,0
RTSI,60,210515,13:00,1042.56,1046.44,1042.56,1046.15,0,0
RTSI,60,210515,14:00,1046.21,1046.34,1039.49,1040.56,0,0
RTSI,60,210515,15:00,1040.56,1042,1034.73,1035.37,0,0
RTSI,60,210515,16:00,1035.41,1037.41,1030.32,1032.55,0,0
RTSI,60,210515,17:00,1032.53,1040.69,1032.53,1040.69,0,0
RTSI,60,210515,18:00,1040.71,1051.76,1040.71,1047.47,0,0
RTSI,60,220515,10:00,1044.59,1051.32,1044.36,1045.36,0,0
RTSI,60,220515,11:00,1045.37,1051.28,1045.24,1048.74,0,0
RTSI,60,220515,12:00,1048.89,1050.99,1043.46,1045.16,0,0
RTSI,60,220515,13:00,1045.18,1046.54,1043.3,1045.24,0,0
RTSI,60,220515,14:00,1045.24,1049.15,1044.63,1046.8,0,0
RTSI,60,220515,15:00,1046.83,1048.13,1045.06,1046.46,0,0
RTSI,60,220515,16:00,1046.46,1046.58,1041.43,1044.93,0,0
RTSI,60,220515,17:00,1044.98,1052.55,1044.74,1052.5,0,0
RTSI,60,220515,18:00,1052.51,1052.89,1049.95,1051.21,0,0
RTSI,60,250515,10:00,1049.11,1053.94,1047.21,1050.86,0,0
RTSI,60,250515,11:00,1050.86,1050.92,1045.63,1046.46,0,0
RTSI,60,250515,12:00,1046.32,1046.32,1037.47,1038,0,0
RTSI,60,250515,13:00,1037.95,1038.4,1034.72,1038.15,0,0
RTSI,60,250515,14:00,1038.16,1038.92,1035.02,1035.91,0,0
RTSI,60,250515,15:00,1035.87,1041.07,1035.43,1040.31,0,0
RTSI,60,250515,16:00,1040.3,1041.82,1038.76,1040.36,0,0
RTSI,60,250515,17:00,1040.4,1043.72,1039.23,1041.65,0,0
RTSI,60,250515,18:00,1041.65,1044.85,1041.45,1041.58,0,0
RTSI,60,260515,10:00,1044.84,1046.49,1037.53,1040.31,0,0
RTSI,60,260515,11:00,1040.31,1043.11,1032.34,1032.37,0,0
RTSI,60,260515,12:00,1032.4,1036.33,1031.84,1034.93,0,0
RTSI,60,260515,13:00,1034.93,1038.26,1034.93,1038.26,0,0
RTSI,60,260515,14:00,1038.38,1040.08,1035.74,1036.72,0,0
RTSI,60,260515,15:00,1036.72,1036.75,1031.23,1031.99,0,0
RTSI,60,260515,16:00,1031.92,1033.59,1029.66,1031.96,0,0
RTSI,60,260515,17:00,1031.93,1031.93,1024.86,1025.2,0,0
RTSI,60,260515,18:00,1024.89,1026.23,1023.61,1025.16,0,0
RTSI,60,270515,10:00,1021.57,1026.38,1009.59,1009.59,0,0
RTSI,60,270515,11:00,1009.42,1012.09,1008.67,1010.65,0,0
RTSI,60,270515,12:00,1010.63,1010.77,1006.07,1007.72,0,0
RTSI,60,270515,13:00,1007.71,1007.82,1003.1,1004.33,0,0
RTSI,60,270515,14:00,1004.31,1004.31,1000.41,1002.56,0,0
RTSI,60,270515,15:00,1002.6,1006.2,1000.92,1002.95,0,0
RTSI,60,270515,16:00,1002.97,1013.78,1002.4,1013.24,0,0
RTSI,60,270515,17:00,1013.33,1015.11,1006.39,1007.14,0,0
RTSI,60,270515,18:00,1007.13,1012.21,1005.11,1012.21,0,0
RTSI,60,280515,10:00,1008.39,1008.39,997.58,1004.66,0,0
RTSI,60,280515,11:00,1004.61,1006.86,1003.68,1006.17,0,0
RTSI,60,280515,12:00,1005.83,1007.78,1001.91,1004.68,0,0
RTSI,60,280515,13:00,1004.64,1011.69,1004.64,1008.7,0,0
RTSI,60,280515,14:00,1008.65,1009.45,1004.78,1007.46,0,0
RTSI,60,280515,15:00,1007.41,1007.94,995.26,996.37,0,0
RTSI,60,280515,16:00,996.41,997.07,992.36,993.99,0,0
RTSI,60,280515,17:00,993.92,994.8,989.53,992.25,0,0
RTSI,60,280515,18:00,992.28,995.75,990.87,990.87,0,0
RTSI,60,290515,10:00,994.33,998.26,989.01,996.08,0,0
RTSI,60,290515,11:00,996.15,1005.57,996.11,1005.47,0,0
RTSI,60,290515,12:00,1005.47,1006.38,1001.13,1002.47,0,0
RTSI,60,290515,13:00,1002.48,1004.45,1001.61,1004.14,0,0
RTSI,60,290515,14:00,1004.15,1009.21,1001.38,1008.5,0,0
RTSI,60,290515,15:00,1008.52,1009.05,1003,1003.01,0,0
RTSI,60,290515,16:00,1002.99,1002.99,989.89,991.91,0,0
RTSI,60,290515,17:00,991.92,995.57,983.19,983.35,0,0
RTSI,60,290515,18:00,983.35,986.29,968.81,968.81,0,0
RTSI,60,010615,10:00,977.44,979.34,970.76,973.94,0,0
RTSI,60,010615,11:00,973.93,975.59,962.95,966.4,0,0
RTSI,60,010615,12:00,966.41,967.38,964.36,967.05,0,0
RTSI,60,010615,13:00,967.03,970.47,963.87,970.37,0,0
RTSI,60,010615,14:00,970.38,971.35,965.38,965.51,0,0
RTSI,60,010615,15:00,965.5,970.22,964.28,969.04,0,0
RTSI,60,010615,16:00,968.98,971.22,965.04,969.04,0,0
RTSI,60,010615,17:00,969.02,970.45,957.27,957.33,0,0
RTSI,60,010615,18:00,957.31,957.96,953.88,953.88,0,0
RTSI,60,020615,10:00,953.25,958.51,950.86,954.82,0,0
RTSI,60,020615,11:00,954.82,962.1,954.47,958.33,0,0
RTSI,60,020615,12:00,958.41,961.24,952.85,958.21,0,0
RTSI,60,020615,13:00,958.31,964.86,958.31,961.06,0,0
RTSI,60,020615,14:00,961.07,969.53,960.59,969.49,0,0
RTSI,60,020615,15:00,969.44,970.66,964.42,966.65,0,0
RTSI,60,020615,16:00,966.99,969.33,964.42,968.63,0,0
RTSI,60,020615,17:00,968.64,977.56,968.5,977.53,0,0
RTSI,60,020615,18:00,977.56,978.67,973.45,973.45,0,0
RTSI,60,030615,10:00,980.03,983.01,976.58,976.68,0,0
RTSI,60,030615,11:00,976.69,979.62,972.59,973.55,0,0
RTSI,60,030615,12:00,973.61,974.09,962.66,962.73,0,0
RTSI,60,030615,13:00,962.71,965.79,960.6,963.45,0,0
RTSI,60,030615,14:00,963.45,968.7,961.18,966.86,0,0
RTSI,60,030615,15:00,966.88,966.96,946,946.3,0,0
RTSI,60,030615,16:00,946.13,950.71,943.2,947.21,0,0
RTSI,60,030615,17:00,947.11,956.43,947.07,954.06,0,0
RTSI,60,030615,18:00,954.03,957.15,947.28,947.28,0,0
RTSI,60,040615,10:00,946.83,948.53,936.72,940.06,0,0
RTSI,60,040615,11:00,940.07,940.7,930.52,936.04,0,0
RTSI,60,040615,12:00,936.04,940,932.79,938.24,0,0
RTSI,60,040615,13:00,938.21,938.42,932.95,934.75,0,0
RTSI,60,040615,14:00,934.75,936.87,932.33,936.7,0,0
RTSI,60,040615,15:00,936.68,944.1,935.89,942.03,0,0
RTSI,60,040615,16:00,942.02,942.48,927.92,927.93,0,0
RTSI,60,040615,17:00,927.96,930.61,921.46,922.85,0,0
RTSI,60,040615,18:00,922.88,923.88,918.83,922.63,0,0
RTSI,60,050615,10:00,916.76,923.92,914.03,919.76,0,0
RTSI,60,050615,11:00,920.02,925.09,919.81,925.09,0,0
RTSI,60,050615,12:00,924.77,930.92,923.12,927.05,0,0
RTSI,60,050615,13:00,927.07,927.11,915.92,918.12,0,0
RTSI,60,050615,14:00,918.18,923.74,917.94,922.34,0,0
RTSI,60,050615,15:00,922.34,924.35,915.69,917,0,0
RTSI,60,050615,16:00,916.93,917.06,904.76,911.7,0,0
RTSI,60,050615,17:00,911.74,921.92,911.6,917.33,0,0
RTSI,60,050615,18:00,917.32,922.67,916.8,922.67,0,0
RTSI,60,080615,10:00,925.31,936.91,922.95,929.2,0,0
RTSI,60,080615,11:00,929.13,931.11,923.42,923.43,0,0
RTSI,60,080615,12:00,923.41,927.35,918.68,926.64,0,0
RTSI,60,080615,13:00,926.55,930.23,925.26,930.22,0,0
RTSI,60,080615,14:00,930.14,938.54,930.06,935.97,0,0
RTSI,60,080615,15:00,936,940.31,931.03,931.04,0,0
RTSI,60,080615,16:00,931.05,932.34,927.48,929.08,0,0
RTSI,60,080615,17:00,929,929.51,923.03,924.39,0,0
RTSI,60,080615,18:00,924.41,927.85,923.23,923.23,0,0
RTSI,60,090615,10:00,926.35,933.66,921.17,921.17,0,0
RTSI,60,090615,11:00,921.17,930.6,919.89,930.53,0,0
RTSI,60,090615,12:00,930.59,933.12,926.86,927.05,0,0
RTSI,60,090615,13:00,927.06,931.35,926.72,931.13,0,0
RTSI,60,090615,14:00,931.21,936.04,931.06,931.8,0,0
RTSI,60,090615,15:00,931.81,933.03,928.49,931.38,0,0
RTSI,60,090615,16:00,931.36,942.75,930.29,941.02,0,0
RTSI,60,090615,17:00,941.36,943.3,938.55,942.15,0,0
RTSI,60,090615,18:00,942.16,943.84,940.86,943.54,0,0
RTSI,60,100615,10:00,944.41,956.38,944.41,954.52,0,0
RTSI,60,100615,11:00,954.58,959.49,953.13,959.27,0,0
RTSI,60,100615,12:00,959.27,964.89,959.24,964.79,0,0
RTSI,60,100615,13:00,964.81,965.01,957.77,961.08,0,0
RTSI,60,100615,14:00,961.08,962.28,958.02,959.49,0,0
RTSI,60,100615,15:00,959.54,961.53,958.33,960.88,0,0
RTSI,60,100615,16:00,960.88,965.74,960.67,964.12,0,0
RTSI,60,100615,17:00,964.01,968.44,961.83,963.59,0,0
RTSI,60,100615,18:00,963.6,966.51,958.75,958.97,0,0
RTSI,60,110615,12:00,949.66,949.66,942.99,943.05,0,0
RTSI,60,110615,13:00,943.05,944.75,942.36,943.52,0,0
RTSI,60,110615,14:00,943.46,947.76,942.94,947.75,0,0
RTSI,60,110615,15:00,947.79,949.88,945.45,945.75,0,0
RTSI,60,110615,16:00,945.75,947.19,943.77,945.06,0,0
RTSI,60,110615,17:00,945.06,949.46,944.69,947.09,0,0
RTSI,60,110615,18:00,947.11,950.38,946.92,950.38,0,0
RTSI,60,150615,10:00,946.94,946.94,936.42,942.64,0,0
RTSI,60,150615,11:00,942.67,942.73,938.49,938.8,0,0
RTSI,60,150615,12:00,938.8,939.84,935.03,935.09,0,0
RTSI,60,150615,13:00,935.11,936.7,932.02,934.22,0,0
RTSI,60,150615,14:00,934.27,939.63,933,939.27,0,0
RTSI,60,150615,15:00,939.3,946.49,939.3,944.84,0,0
RTSI,60,150615,16:00,944.75,945.93,942.31,944.36,0,0
RTSI,60,150615,17:00,944.28,955.51,943.92,955.17,0,0
RTSI,60,150615,18:00,955.13,958.93,955.07,957.38,0,0
RTSI,60,160615,10:00,958.24,971.49,958.24,964.65,0,0
RTSI,60,160615,11:00,964.7,968.86,960.99,961.38,0,0
RTSI,60,160615,12:00,961.38,965.16,958.76,960.39,0,0
RTSI,60,160615,13:00,960.38,962.76,959.86,960.63,0,0
RTSI,60,160615,14:00,960.63,964.13,960.63,963.54,0,0
RTSI,60,160615,15:00,963.57,964.87,960.4,964.06,0,0
RTSI,60,160615,16:00,964.05,971.8,962.55,970.53,0,0
RTSI,60,160615,17:00,970.47,975.1,968.92,974.58,0,0
RTSI,60,160615,18:00,974.57,978.29,974.36,978.29,0,0
RTSI,60,170615,10:00,978.16,979.86,972.82,974.48,0,0
RTSI,60,170615,11:00,974.51,977.15,973.87,976.1,0,0
RTSI,60,170615,12:00,976.13,977.66,973.17,974.51,0,0
RTSI,60,170615,13:00,974.51,976.9,971.54,973.17,0,0
RTSI,60,170615,14:00,973.1,974.25,969.81,972.02,0,0
RTSI,60,170615,15:00,972.02,975.19,971.08,974.62,0,0
RTSI,60,170615,16:00,974.61,976,972.76,973.83,0,0
RTSI,60,170615,17:00,973.82,974.52,969.69,971.2,0,0
RTSI,60,170615,18:00,971.18,971.31,966.55,966.55,0,0
RTSI,60,180615,10:00,976.57,987.72,973.96,987.65,0,0
RTSI,60,180615,11:00,987.61,989.87,983.77,988.94,0,0
RTSI,60,180615,12:00,988.94,989.34,982.72,984.11,0,0
RTSI,60,180615,13:00,984.11,986.31,978.27,978.76,0,0
RTSI,60,180615,14:00,978.63,981.55,978.53,979.06,0,0
RTSI,60,180615,15:00,979.07,980.76,976.86,979.15,0,0
RTSI,60,180615,16:00,979.16,980.92,976.25,976.39,0,0
RTSI,60,180615,17:00,976.37,980.74,975.23,978.4,0,0
RTSI,60,180615,18:00,978.4,981.82,978.33,981.82,0,0
RTSI,60,190615,10:00,980.26,980.54,970.63,970.95,0,0
RTSI,60,190615,11:00,970.95,972,964.87,966.11,0,0
RTSI,60,190615,12:00,966.15,967.37,962.48,964.96,0,0
RTSI,60,190615,13:00,965.01,966.23,961.64,965.25,0,0
RTSI,60,190615,14:00,965.32,965.53,960.77,963.92,0,0
RTSI,60,190615,15:00,964.01,965.06,962.6,963.27,0,0
RTSI,60,190615,16:00,963.25,963.98,961.59,962.91,0,0
RTSI,60,190615,17:00,962.98,965.77,962.03,964.1,0,0
RTSI,60,190615,18:00,964.05,966.9,962.83,966.9,0,0
RTSI,60,220615,10:00,969.98,986.19,969.98,984.7,0,0
RTSI,60,220615,11:00,984.7,987.55,982.39,987.55,0,0
RTSI,60,220615,12:00,987.76,988.4,981.71,983,0,0
RTSI,60,220615,13:00,983,984.3,978.84,979.19,0,0
RTSI,60,220615,14:00,979.17,980.81,977.45,979.06,0,0
RTSI,60,220615,15:00,979.05,979.82,977.25,977.43,0,0
RTSI,60,220615,16:00,977.42,978.91,974.38,978.75,0,0
RTSI,60,220615,17:00,978.7,978.79,975.41,976.52,0,0
RTSI,60,220615,18:00,976.54,978.85,975.29,978.85,0,0
RTSI,60,230615,10:00,977.8,979.74,962.81,963.61,0,0
RTSI,60,230615,11:00,963.63,964.43,960.27,963.5,0,0
RTSI,60,230615,12:00,963.11,964.3,958.84,959.23,0,0
RTSI,60,230615,13:00,959.23,960.94,957.31,960.58,0,0
RTSI,60,230615,14:00,960.58,962.26,960.25,962.1,0,0
RTSI,60,230615,15:00,962.09,963.19,958.32,959.04,0,0
RTSI,60,230615,16:00,959.06,963.74,957.96,962.94,0,0
RTSI,60,230615,17:00,962.83,970.25,961.67,967.78,0,0
RTSI,60,230615,18:00,967.8,969.84,964.32,964.32,0,0
RTSI,60,240615,10:00,969.06,974.63,962.45,964.33,0,0
RTSI,60,240615,11:00,964.28,969.43,962.9,964.01,0,0
RTSI,60,240615,12:00,963.94,963.94,956.16,956.23,0,0
RTSI,60,240615,13:00,956.26,958.66,954.46,956.25,0,0
RTSI,60,240615,14:00,956.26,957.05,954.85,956.02,0,0
RTSI,60,240615,15:00,955.99,957.1,953.12,956.74,0,0
RTSI,60,240615,16:00,956.74,958.97,955.09,955.95,0,0
RTSI,60,240615,17:00,956,959.3,955.98,956.62,0,0
RTSI,60,240615,18:00,956.62,956.74,949.42,951.45,0,0
RTSI,60,250615,10:00,951.77,955.94,946.18,955.7,0,0
RTSI,60,250615,11:00,955.71,956.86,949.11,950.67,0,0
RTSI,60,250615,12:00,950.67,953.24,947.92,950.83,0,0
RTSI,60,250615,13:00,950.82,952.42,950.32,951.68,0,0
RTSI,60,250615,14:00,951.66,952.38,950.27,950.41,0,0
RTSI,60,250615,15:00,950.43,950.92,948.15,948.87,0,0
RTSI,60,250615,16:00,948.88,949.82,944.56,945.59,0,0
RTSI,60,250615,17:00,945.53,946.04,943.03,944.48,0,0
RTSI,60,250615,18:00,944.47,946.02,941.32,941.32,0,0
RTSI,60,260615,10:00,940.13,941.35,935.05,936.58,0,0
RTSI,60,260615,11:00,936.53,937.78,933.78,933.78,0,0
RTSI,60,260615,12:00,933.75,936.64,933.75,934.58,0,0
RTSI,60,260615,13:00,934.58,938.79,934.05,938.35,0,0
RTSI,60,260615,14:00,938.35,938.62,935.8,937.08,0,0
RTSI,60,260615,15:00,937.08,938.66,935.27,936.41,0,0
RTSI,60,260615,16:00,936.44,938.06,935.32,938.02,0,0
RTSI,60,260615,17:00,937.92,944.23,937.59,939.51,0,0
RTSI,60,260615,18:00,939.53,943.01,939.24,943.01,0,0
RTSI,60,290615,10:00,936.45,936.6,921.74,928.23,0,0
RTSI,60,290615,11:00,928.13,930.35,926.22,930.15,0,0
RTSI,60,290615,12:00,930.16,930.99,928.65,928.97,0,0
RTSI,60,290615,13:00,928.97,929.03,925.73,928.33,0,0
RTSI,60,290615,14:00,928.33,929.5,926.63,929.18,0,0
RTSI,60,290615,15:00,929.15,932.23,929.08,931.51,0,0
RTSI,60,290615,16:00,931.54,931.72,929.21,929.31,0,0
RTSI,60,290615,17:00,929.31,932.82,928.56,929.1,0,0
RTSI,60,290615,18:00,929.1,929.14,925.37,928.03,0,0
RTSI,60,300615,10:00,925.17,925.66,916.06,925.15,0,0
RTSI,60,300615,11:00,925.17,926.36,923.41,925.35,0,0
RTSI,60,300615,12:00,925.35,929.39,925.29,929.19,0,0
RTSI,60,300615,13:00,929.2,931.32,928.12,928.65,0,0
RTSI,60,300615,14:00,928.64,929.75,925.74,925.74,0,0
RTSI,60,300615,15:00,925.75,929.33,925.75,929.07,0,0
RTSI,60,300615,16:00,929.07,931.13,926.4,926.85,0,0
RTSI,60,300615,17:00,926.88,929.72,924.68,929.72,0,0
RTSI,60,300615,18:00,929.7,939.93,929.7,939.93,0,0
RTSI,60,010715,10:00,940.68,941.48,936.35,938.72,0,0
RTSI,60,010715,11:00,938.66,940.92,936.36,940.75,0,0
RTSI,60,010715,12:00,940.75,945.04,940.63,942.91,0,0
RTSI,60,010715,13:00,942.96,944.16,939.44,940.22,0,0
RTSI,60,010715,14:00,940.29,942.57,937.77,938.5,0,0
RTSI,60,010715,15:00,938.5,939.91,936.32,936.8,0,0
RTSI,60,010715,16:00,936.8,936.82,933.58,934.48,0,0
RTSI,60,010715,17:00,934.5,934.56,927.59,930.08,0,0
RTSI,60,010715,18:00,930.02,932.79,928.89,930.66,0,0
